<INTRO PATTERNS>
1,0,0,0,1,0,0,0
1,0,0,0,1,0,0,1,1,1,0,1,0,0,1,0,0
</INTRO PATTERNS>

<SCENE PATTERNS>
1,0,0,0,1,0,0,0,1,0,0,0,
1,0,0,0,1,0,0,0,1,0,1,0,1,0,0,0
1,0,1,0,1,0,0,0,1,0,1,0,1,0,0,0
1,0,1,0,0,0,1,0,1,0,1,0,1,0,0,0
1,0,0,0,1,0,1,0,1,0,1,0,1,0,0,0
1,0,1,0,1,0,1,0,1,0,1,0,1,0,0,0
1,0,1,0,1,0,1,0,1,0,1,0,1,0,1,0
1,0,1,0,1,0,0,0,0,0,0,0
1,0,1,0,1,0,0,0,1,0,1,0,1,0,0,0
</SCENE PATTERNS>

<END PATTERNS>
1,0,0,0,0,0,0,0,1,0,0,0,0,0,0,0
</END PATTERNS>

<BOSS INTRO PATTERNS>
1,0,0,0,1,0,0,0,1,0,0,0,1,0,0,0
</BOSS INTRO PATTERNS>

<BOSS SCENE PATTERNS>
1,0,1,0,1,0,1,0,1,0,1,0,1,0,0,0
1,0,1,0,1,0,1,0,1,0,1,0,1,0,1,0
1,1,1,0,1,0,1,1,1,0,1,0,1,1,1,0
</BOSS SCENE PATTERNS>

<BOSS END PATTERNS>
1,1,1,1,1,1,1,1,1,1,1,1,1,1,1,1
</BOSS END PATTERNS>